Min1 = 4.999999717 mg/l
Max1 = 5.000000289 mg/l
Mean1 = 4.999999994 mg/l
Std1 = 1.69e-07 mg/l
Min2 = 4.999998921 mg/l
Max2 = 5.00000107 mg/l
Mean2 = 4.999999996 mg/l
Std2 = 6.38e-07 mg/l
